(64, 90)
(104, 45)
(64, 27)
(20, 20)
(38, 25)
(46, 25)
(121, 27)
(199, 22)
(244, 30)
(313, 21)
(313, 25)
(319, 31)
(307, 61)
(319, 69)
(272, 27)
(181, 24)
(62, 25)
(30, 51)
(31, 128)
(44, 176)
(62, 197)
(87, 210)
(125, 209)
(150, 216)
(166, 211)
(300, 56)
(313, 63)
(301, 109)
(305, 115)
(312, 150)
(319, 161)
(167, 214)
(127, 209)
(73, 210)
(43, 211)
(29, 160)
(29, 71)
(30, 28)
(39, 22)
(94, 23)
(186, 21)
(266, 21)
(300, 19)
(317, 62)
(313, 97)
(319, 109)
(319, 108)
(319, 84)
(319, 83)
(319, 28)
(319, 18)
(319, 16)
(319, 42)
(319, 84)
(319, 121)
(319, 73)
(319, 27)
(319, 17)
(266, 17)
(185, 17)
(109, 19)
(33, 21)
(22, 29)
(26, 89)
(23, 177)
(24, 211)
(61, 213)
(118, 214)
(172, 214)
(218, 214)
(92, 125)
(165, 45)
(51, 48)
(255, 193)
